	7, 2		7		Passed

	364269800189924, 33		364273356242943		Passed

	1, 2		3		Passed




	1023, 11		2047		Passed






	437001103351396, 10		437001103351800		Passed


	137344374592196, 50		1125899906842623		Passed


	963587552675620, 49		1125899906842622		Passed


	663926528949124, 39		664105023176696		Passed


	64613071430724, 36		64665027608575		Passed


	296840970058165, 10		296840970058751		Passed


	183881129413730, 1		183881129413730		Passed


	693491171995104, 50		1125899906842623		Passed


	221937368364725, 45		246290604621823		Passed


	149206065203253, 49		562949953421311		Passed


	396002446800575, 20		396002447065087		Passed


	495163923542986, 30		495164632072190		Passed


	38418523090786, 9		38418523090936		Passed


	338075251849986, 8		338075251850236		Passed


	637736275576482, 7		637736275576574		Passed


	937397299302978, 6		937397299303038		Passed


	111149826252258, 5		111149826252272		Passed


	410810849978754, 4		410810849978767		Passed


	710467578737954, 3		710467578737954		Passed


	1010128602464450, 2		1010128602464450		Passed


	1123079853174293, 11		1123079853174782		Passed


	823423124415093, 12		823423124418559		Passed


	523766395655893, 13		523766395658239		Passed


	224109666896693, 14		224109666910207		Passed


	1050348550012821, 15		1050348550029310		Passed


	750687526286325, 16		750687526322168		Passed


	1125899890065407, 25		1125899890065407		Passed


	7176, 3		7176		Passed


	0, 50		1125899906842623		Passed


	1, 50		1125899906842623		Passed


	50, 2		50		Passed


	269, 2		269		Passed


	56, 3		56		Passed


	44, 2		44		Passed


	13, 2		13		Passed


	2040, 2		2040		Passed


	6334, 1		6334		Passed


	17583619156951, 11		17583619156951		Passed


	61, 4		61		Passed


	12, 2		12		Passed


	443, 4		444		Passed


	0, 1		1		Passed


	1113074019211794, 1		1113074019211794		Passed


	24, 3		28		Passed


	186, 4		188		Passed


	950517515131926, 4		950517515131926		Passed


	25, 50		1125899906842623		Passed


	249, 6		252		Passed


	256720229, 2		256720229		Passed


	650073, 3		650073		Passed


	1125899890065407, 32		1125899906580480		Passed


	5, 2		6		Passed
