	8, 17		2		Passed


	17, 8		3		Passed


	0, 0		0		Passed


	9, 9		-1		Passed


	90, 10		8		Passed


	99, 1		9		Passed


	98, 2		-1		Passed


	9, 7		3		Passed


	11, 14		3		Passed


	15, 34		3		Passed


	42, 7		6		Passed


	2, 2		-1		Passed


	2, 7		-1		Passed


	13, 23		3		Passed


	14, 2		-1		Passed


	18, 7		4		Passed


	23, 2		-1		Passed


	21, 79		3		Passed
	500000, 500000		294		Passed


	0, 1000000000000		0		Passed


	1000000000000, 0		1000000		Passed


	1, 999999999999		1		Passed


	2000001, 999997999999		3		Passed


	999999999999, 1		999999		Passed


	999999999998, 2		-1		Passed


	2, 999999999998		-1		Passed


	932765767597, 67234232403		740705		Passed


	758061436054, 241938563946		508128		Passed


	330577220114, 669422779886		181818		Passed


	411272539527, 588727460473		232715		Passed


	750769056733, 249230943267		500771		Passed


	1000000000000, 1000000000000		-1		Passed


	804127930553, 171444078586		-1		Passed


	773611447136, 593814262551		-1		Passed


	963128051536, 775328156192		-1		Passed


	123157670343, 262647845900		-1		Passed


	400344234076, 804890866061		-1		Passed


	5869662412, 68159224394		-1		Passed


	9056435877, 184342976107		10421		Passed


	417712389332, 388360282708		-1		Passed


	68562845609, 9365226727		182383		Passed


	29882296722, 217034766834		-1		Passed


	65403676999, 148726944307		-1		Passed


	130638593846, 743702349998		72682		Passed


	2813830661, 22112579500		9179		Passed


	52852730407, 192379223274		56599		Passed


	4613447655, 325409074		52239		Passed


	61513379284, 75799481522		-1		Passed


	1215509340, 482548716		-1		Passed


	59396268432, 30382168098		-1		Passed


	175808746853, 28221432956		283705		Passed


	23749521867, 153591269175		-1		Passed


	7613832948, 6378809442		-1		Passed


	473951591379, 229560874913		-1		Passed


	414283888, 48525281		14548		Passed


	9616130617, 7745752843		-1		Passed


	19901699909, 26410631300		52691		Passed


	999998409369, 1000000000000		414213		Passed


	1000000000000, 999998409369		414214		Passed




	9999999998, 2		-1		Passed


	66, 34		6		Passed


	7, 2		-1		Passed


	26, 23		4		Passed


	999950882, 2		-1		Passed


	2, 23		-1		Passed


	2, 14		-1		Passed


	2, 98		-1		Passed


	2, 167		-1		Passed


	29, 7		5		Passed


	0, 2		-1		Passed


	910147492006, 300123123123		552290		Passed


	205, 119		9		Passed


	1, 1		-1		Passed


	0, 9		0		Passed


	1000000000000, 2000001		998588		Passed


	0, 25		0		Passed


	34, 30		4		Passed


	58, 167		4		Passed


	1000000000000, 6000009		997554		Passed


	999997790472, 999997790472		414214		Passed


	980000000000, 980000000000		410052		Passed


	500392965696, 499605034305		293172		Passed


	439, 2		-1		Passed


	0, 1		0		Passed


	398, 9602		4		Passed


	30, 34		4		Passed


	3, 1		1		Passed


	203, 9998		3		Passed


	2001, 997999		3		Passed


