	47, 1010		7		Passed
	47, 999		5		Passed




	12345678901, 98765432109		0		Passed


	1234, 654321		6862		Passed


	0, 10		0		Passed


	0, 999999999999999999		2105532412794693		Passed


	2332532433, 7544342323254562		16778753455760		Passed


	4718803, 255999072		617472		Passed


	5955217264, 104554406420		35941545		Passed


	128654, 550195858414		1607742808		Passed


	71655287405291, 420843416012567979		764710223505586		Passed


	56300, 398384431		628416		Passed


	6, 60055185958015		147449134497		Passed


	404568667768, 1408496021539386		1316775943878		Passed


	2507971, 14823990		36428		Passed


	5380883297, 3158239170747		3162860848		Passed


	1310277910, 885316765509372		262527378048		Passed


	19608173632, 123498538724723365		79645678533172		Passed


	1744200488, 123607717077		132031508		Passed


	94494, 390160982005		1056186582		Passed


	85092, 33064496		167826		Passed


	24, 276590639		628675		Passed


	6643732625, 2106813751715105		3056050711512		Passed


	8945303, 391885784965		1061200752		Passed


	3972, 7815141		11113		Passed


	81, 361946034577634775		629927668339894		Passed


	247443, 85578908548929		220555240207		Passed


	1, 76123533		461105		Passed


	71002, 8736258		10944		Passed


	348, 197355856008254		262529603388		Passed


	23751486310522, 1148390792298328		607585681728		Passed


	1202019997459, 15102236923210294		23009333538816		Passed


	61834907163449, 105852787396349515		36527895268192		Passed


	51, 133		5		Passed


	12, 42677		260		Passed


	41106422055, 113779069471		51139430		Passed


	114587400, 60621724973		41457024		Passed


	274904448926447705, 324856543591808280		114707256426688		Passed


	3547165339853754, 8417972768187149		12275316104776		Passed


	5347748357, 2229739593591563		3373650642486		Passed


	561131087, 1501762506955302		1551076316032		Passed


	145679774010, 7089159973519744		15652085068662		Passed


	6, 32137878921		42085701		Passed


	19, 131446856957517874		97479196150292		Passed


	83239182839665, 793615030233726		48550171906		Passed


	55885287, 7770125572		31469776		Passed


	29361437743, 21371580884001960		23012475038208		Passed


	13, 31003833141732207		23012517123908		Passed


	154039630273, 885344096344752911		1839457468292550		Passed


	93141, 371828		3348		Passed


	504901299, 858471555		0		Passed


	1003, 1163439		11195		Passed


	1, 257000819		628677		Passed


	102, 13991809919		42085692		Passed


	171, 224588210		628668		Passed


	3977126227, 63880762613		27758478		Passed


	745427280678, 34653436467266020		23010228106972		Passed


	15430537158793, 6139612983767418		13230744740702		Passed


	751314807273, 1082666476662		874811920		Passed


	31513, 75198252		454906		Passed


	1, 3677		87		Passed


	33531870, 140949612979934		262529429756		Passed


	58, 169476834592919		262529603392		Passed


	81102786, 24313348657417233		23012516625658		Passed


	2017018460, 287816962636331424		457714330512388		Passed


	55525680, 325681582817		827861770		Passed


	1881390, 187003764		617472		Passed


	4363266, 4363266		0		Passed


	42248448, 42248448		1		Passed


	0, 999999999999999998		2105532412794692		Passed


	0, 99999999999999999		23012517123909		Passed


	1, 979797979797979797		2056849102131520		Passed


	55, 55		1		Passed


	1, 99999999999999999		23012517123909		Passed


	0, 10000000000000000		23012517123909		Passed


	1009, 999999999999999999		2105532412794683		Passed


	11111111111111, 999999999999999999		2105526027406905		Passed


	1329012, 991239181921232121		2083423063566599		Passed


