	4, 2		1.0		Passed


	5, 3		2.0		Passed


	6, 1		2.5		Passed


	12345, 2345		6170.0		Passed


	1, 1000000000		0.0		Passed


	1000000000, 1		4.999999995E8		Passed


	1000000000, 1000000000		0.0		Passed


	1000000000, 999999999		4.999999995E8		Passed


	999999999, 1000000000		4.99999999E8		Passed


	12, 5		5.5		Passed


	14, 12		6.0		Passed


	6, 7		2.5		Passed


	9, 13		4.0		Passed


	14, 10		6.0		Passed


	2, 14		0.0		Passed


	11, 1		5.0		Passed


	9, 10		4.0		Passed


	4, 13		1.5		Passed


	11, 9		5.0		Passed


	1, 47		0.0		Passed


	1, 53		0.0		Passed


	1, 73		0.0		Passed


	1, 27		0.0		Passed


	96, 1		47.5		Passed


	7046131, 1		3523065.0		Passed


	8821408, 1		4410703.5		Passed


	1, 3862670		0.0		Passed


	1, 7357215		0.0		Passed


	1184139, 1		592069.0		Passed


	100000000, 1000000		4.95E7		Passed


	1, 1		0.0		Passed


	7, 7		0.0		Passed


	536870912, 536870912		0.0		Passed


	701408733, 433494437		3.50704366E8		Passed


	700776761, 150563401		3.5038838E8		Passed


	289801000, 462555205		1.449004975E8		Passed


	610548375, 828728634		3.05274186E8		Passed


	843858085, 587573580		4.2192904E8		Passed


	926721076, 318260246		4.63360537E8		Passed


	396643072, 561141801		1.983215355E8		Passed


	875126809, 783703811		4.37563404E8		Passed


	426219907, 965110942		2.13109953E8		Passed


	349927638, 580671298		1.74963818E8		Passed


	886918310, 641958573		4.434591545E8		Passed


	253770905, 631600262		1.26885452E8		Passed


	360396889, 298547569		1.80198444E8		Passed


	770993956, 505252854		3.85496977E8		Passed


	69946468, 528890679		3.49732335E7		Passed


	260001211, 384396188		1.30000605E8		Passed


	728057387, 466304827		3.64028693E8		Passed


	585210999, 86736168		2.92605498E8		Passed


	319828794, 744254367		1.599143955E8		Passed


	688734193, 436415944		3.44367096E8		Passed


	146682056, 684418574		7.3341027E7		Passed


	650381000, 45693000		3.2519E8		Passed


	355279000, 928984000		1.77639E8		Passed


	668342000, 279221000		3.341705E8		Passed


	403710000, 360056000		2.01854E8		Passed


	667949000, 969780000		3.33974E8		Passed


	438041727, 711722994		2.19018012E8		Passed


	511292960, 966272597		2.556455295E8		Passed


	574755944, 679156963		2.873770215E8		Passed


	508042250, 985006952		2.54019224E8		Passed


	271422879, 834149295		1.35691479E8		Passed


	194478570, 491301045		9.72346275E7		Passed


	873930195, 953921205		4.36963545E8		Passed


	195615, 373469400		96255.0		Passed


	450762165, 177211665		2.2537953E8		Passed


	269063775, 572493690		1.34530335E8		Passed


	845619711, 63577962		4.22809794E8		Passed


	353871615, 147598647		1.76935746E8		Passed


	70467315, 122463105		3.523335E7		Passed


	868656627, 827791230		4.34328252E8		Passed


	899418435, 996159288		4.49709156E8		Passed


	665431613, 17283938		3.28394822E8		Passed


	303703482, 751851303		1.499998905E8		Passed


	30864175, 713579726		1.4814804E7		Passed


	641974840, 990122734		3.19752853E8		Passed


	724690829, 240740565		3.61728131E8		Passed


	545169920, 894600640		2.7186E8		Passed


	142390130, 144146365		7.11275175E7		Passed


	542524311, 745550757		2.70926019E8		Passed


	654774512, 520522184		3.26209604E8		Passed


	816773670, 142995060		4.0833495E8		Passed


	721123123, 534535343		3.60561561E8		Passed


	20996011, 3		1.0498005E7		Passed


	3, 5		1.0		Passed


	997007078, 997007079		4.985035385E8		Passed


	1000000000, 3		4.999999995E8		Passed


	999999937, 999999929		4.99999968E8		Passed


	999999929, 999999937		4.99999964E8		Passed


	1000000000, 999999929		4.999999995E8		Passed


	100000009, 100000007		5.0000004E7		Passed


	999999999, 999999998		4.99999999E8		Passed


	646119602, 178503576		3.230598E8		Passed


	999999998, 999999999		4.999999985E8		Passed


	999999993, 999999997		4.99999996E8		Passed


	999999997, 1		4.99999998E8		Passed


	9875475, 9854753		4937737.0		Passed


	982451653, 982451707		4.91225826E8		Passed


	100000000, 1210985		4.99999975E7		Passed


	100000007, 100000009		5.0000003E7		Passed


	100000007, 1000000000		5.0000003E7		Passed


	6, 8		2.0		Passed


	856712345, 6		4.28356172E8		Passed


	99999989, 13		4.9999994E7		Passed


	99999989, 94418953		4.9999994E7		Passed


	1000000000, 1000007		4.999999995E8		Passed


	982451653, 15485863		4.91225826E8		Passed


	536870912, 199999994		2.68435455E8		Passed


	999617293, 999617279		4.99808646E8		Passed


	37637323, 524287		1.8818661E7		Passed


	999999997, 1000000000		4.99999998E8		Passed


	100000000, 99999999		4.99999995E7		Passed


	987989982, 7345284		4.93994988E8		Passed


	1000000000, 999999997		4.999999995E8		Passed


	866988874, 100712442		4.33494436E8		Passed


	999999893, 999999937		4.99999946E8		Passed


	999888733, 1000000000		4.99944366E8		Passed


	999999999, 889329422		4.99999999E8		Passed


	100000000, 1		4.99999995E7		Passed


	999999992, 999999993		4.999999955E8		Passed


	999999998, 999999996		4.99999998E8		Passed


	20996011, 24036583		1.0498005E7		Passed


	311, 1000000000		155.0		Passed


	100000001, 3		5.0E7		Passed


	1000000000, 4456332		4.99999998E8		Passed


	999999997, 999999991		4.99999998E8		Passed


	999999995, 999999997		4.99999997E8		Passed


	999999937, 800000011		4.99999968E8		Passed


	1, 999999999		0.0		Passed


	433434, 3232233		216715.5		Passed


	1000000000, 999999991		4.999999995E8		Passed


	1000000000, 2345		4.999999975E8		Passed


	100000000, 999999999		4.99999995E7		Passed


	999000011, 999000029		4.99500005E8		Passed


	10000000, 9999999		4999999.5		Passed


	125467865, 875556644		6.2733932E7		Passed


	65536, 65536		0.0		Passed


	3, 4		1.0		Passed


	100000000, 9999999		4.99999995E7		Passed


	999999997, 999999998		4.99999998E8		Passed


	99999999, 123		4.9999998E7		Passed


	999999999, 777777778		4.99999999E8		Passed


	536870912, 387420489		2.684354555E8		Passed


	1233432, 3242345		616715.5		Passed


	3, 7		1.0		Passed


	21474836, 123123213		1.07374175E7		Passed


	900000009, 12242		4.50000004E8		Passed


	1000000000, 499999999		4.999999995E8		Passed


	999999999, 999999997		4.99999999E8		Passed


	500000041, 500000003		2.5000002E8		Passed


	999999999, 1		4.99999999E8		Passed


	999992999, 992999999		4.99996499E8		Passed


	999999996, 999999997		4.999999975E8		Passed


	999999991, 999999989		4.99999995E8		Passed


	999999999, 99999999		4.99999995E8		Passed


	500000000, 7		2.499999995E8		Passed


	1000000000, 999999998		4.99999999E8		Passed


	2, 4		0.0		Passed


	999999937, 999999893		4.99999968E8		Passed


	999999151, 1000000000		4.99999575E8		Passed


	10000007, 100000007		5000003.0		Passed


	19587619, 19587671		9793809.0		Passed


	999100211, 999100213		4.99550105E8		Passed


	200000000, 300000000		5.0E7		Passed


	10000000, 10000001		4999999.5		Passed


	12, 8		4.0		Passed


	7, 13		3.0		Passed


	999999997, 887657890		4.99999998E8		Passed


	999999997, 999999993		4.99999998E8		Passed


	999999999, 979593913		4.99999999E8		Passed


	999999937, 99999989		4.99999968E8		Passed


	1000000000, 9		4.999999995E8		Passed


	500000000, 1000000000		0.0		Passed


	987654321, 1000000000		4.9382716E8		Passed


	104729, 104723		52364.0		Passed


	9999999, 1000000000		4999999.0		Passed


	99999999, 99999998		4.9999999E7		Passed


	99999999, 1000000000		4.9999999E7		Passed


	1000000000, 999999971		4.999999995E8		Passed


	99999997, 1000000000		4.9999998E7		Passed


	999009019, 999008537		4.99504509E8		Passed


	536870911, 536870913		2.68435455E8		Passed


	100613, 100621		50306.0		Passed


	1000000000, 99999999		4.999999995E8		Passed


	999999997, 2		4.99999998E8		Passed


	1, 999999997		0.0		Passed


	1000000000, 999999937		4.999999995E8		Passed


	2345, 1000000000		1170.0		Passed


	99998888, 7778888		4.999944E7		Passed


	4, 6		1.0		Passed


	100000000, 99999990		4.9999995E7		Passed


	999999999, 2		4.99999999E8		Passed


	999999992, 999999997		4.999999955E8		Passed


	99999999, 99999991		4.9999999E7		Passed


	4, 4		0.0		Passed


	1000000000, 2		4.99999999E8		Passed


	123456789, 100000000		6.1728394E7		Passed


	999999999, 45235621		4.99999999E8		Passed


	1000000000, 500000001		4.999999995E8		Passed


	2, 1000		0.0		Passed


	12365656, 234		6182827.0		Passed


	1000000000, 99		4.999999995E8		Passed


	2, 6		0.0		Passed


	6, 4		2.0		Passed


	999008537, 999009019		4.99504268E8		Passed


	199999997, 199999991		9.9999998E7		Passed


