	2, 1		0.0		Passed


	5, 5		0.625		Passed


	5, 1		0.125		Passed


	1, 1		1.0		Passed


	2, 2		1.0		Passed


	5, 2		0.125		Passed


	9, 7		0.328125		Passed


	98, 98		0.1393180923823675		Passed


	98, 47		0.06629019390986395		Passed


	98, 1		0.001407211300109263		Passed


	97, 97		0.1400314813668493		Passed


	97, 93		0.13414205765996984		Passed


	97, 42		0.06012446724542525		Passed


	97, 2		0.0028577070638482064		Passed


	90, 16		0.025564159721327685		Passed


	69, 34		0.08084554452270648		Passed


	6, 1		0.0625		Passed


	6, 2		0.1875		Passed


	98, 9		0.012665942956824027		Passed


	98, 79		0.11189929899765849		Passed


	98, 75		0.1061636534901081		Passed


	70, 67		0.1574558190463667		Passed


	97, 40		0.05725134209699907		Passed


	98, 50		0.07054288855858354		Passed


	98, 97		0.13786704782636808		Passed


	66, 1		0.0025311834339537143		Passed


	98, 93		0.1320722598739415		Passed


	98, 45		0.06345717488146932		Passed





