	2, 3		1.25		Passed


	6, 2		2.777777777777778		Passed


	6, 50		1232.0814206529215		Passed


	6, 22		210.08142065292145		Passed


	6, 10		16.64572136166177		Passed


	4, 10		33.489906787872314		Passed


	6, 37		660.0814206529215		Passed


	5, 50		1243.7099205939144		Passed


	5, 32		496.7099205939144		Passed


	5, 14		73.70992059391436		Passed


	4, 35		608.4899067878723		Passed


	3, 50		1261.6377754068656		Passed


	2, 49		1217.78125		Passed


	2, 1		1.0		Passed


	2, 2		1.0		Passed


	2, 3		1.25		Passed


	2, 4		2.78125		Passed


	3, 1		1.0		Passed


	3, 2		2.111111111111111		Passed


	3, 3		1.5061728395061729		Passed


	3, 4		2.148148148148148		Passed


	3, 5		3.694711172077427		Passed


	3, 6		7.637775406865482		Passed


	4, 1		1.0		Passed


	4, 3		2.21875		Passed


	4, 4		2.63525390625		Passed


	4, 7		8.31364631652832		Passed


	4, 8		14.489906787872314		Passed


	5, 1		1.0		Passed


	5, 2		2.6799999999999997		Passed


	5, 5		3.39937024		Passed


	5, 6		4.3549142016		Passed


	5, 8		9.679621758976001		Passed


	5, 9		15.32827956588708		Passed


	5, 10		23.709920593914365		Passed


	6, 1		1.0000000000000002		Passed


	6, 2		2.777777777777778		Passed


	6, 3		4.0246913580246915		Passed


	6, 4		3.2946244855967084		Passed


	6, 5		3.898693510897729		Passed


	6, 6		4.3020358357042445		Passed


	6, 7		5.534381535885452		Passed


	6, 8		7.6236893875640135		Passed


	6, 9		11.157508444202621		Passed


	6, 10		16.64572136166177		Passed


	6, 11		24.540199533804397		Passed


	6, 12		35.081420652921445		Passed


	6, 42		860.0814206529215		Passed


	5, 48		1144.7099205939144		Passed


	4, 32		506.4899067878723		Passed


	6, 45		992.0814206529215		Passed


	6, 30		422.08142065292145		Passed



